Frequency_70
696
696
696
696
696
696
696
696
696
696
696
696
696
696
696
696
696
696
696
696
696
696
696
696
696
696
696
689
696
696
697
703
703
703
703
694
694
694
694
694
694
694
694
694
694
693
707
707
707
707
707
707
707
707
707
707
707
707
707
708
708
708
708
708
708
708
709
709
709
709
732
732
732
732
732
732
732
732
732
732
732
732
732
732
732
732
732
732
732
732
732
732
732
732
732
730
730
730
730
730
730
730
730
730
730
730
731
731
732
737
737
737
737
737
737
736
736
734
735
735
738
738
738
738
738
738
738
738
738
738
738
738
738
738
738
738
738
738
738
737
737
737
737
737
737
737
737
737
737
737
734
741
741
741
741
740
740
740
740
740
740
740
740
740
740
740
740
740
740
740
740
740
740
740
740
740
740
740
740
740
740
740
724
724
724
724
724
724
724
724
724
724
724
724
724
724
724
724
724
724
724
724
724
724
724
724
724
724
724
724
724
718
718
719
719
719
719
719
719
719
719
719
719
719
719
719
719
719
719
719
719
719
719
719
719
719
719
707
706
706
706
706
706
706
706
706
706
708
708
709
709
709
709
709
709
709
709
709
709
709
709
709
709
709
709
709
709
709
709
709
709
709
709
709
707
707
707
707
707
707
707
707
707
707
707
707
707
707
707
707
707
707
707
707
707
707
707
713
713
713
713
713
713
713
713
713
713
713
713
713
713
701
701
701
701
701
701
701
701
701
701
701
701
701
701
701
701
700
700
700
700
700
700
700
700
700
700
702
693
693
693
692
689
689
689
689
689
689
689
689
689
689
689
689
689
689
689
689
689
689
689
689
689
689
689
689
689
689
689
689
689
689
689
693
693
693
693
693
693
693
693
693
692
692
692
692
692
692
692
692
692
692
692
692
692
692
692
692
692
692
692
692
692
692
692
692
692
692
692
692
692
692
692
692
692
692
692
692
692
692
687
710
710
708
708
708
708
708
708
708
708
708
708
708
708
719
719
719
719
636
636
636
636
636
636
636
636
636
635
635
635
635
635
635
635
635
635
634
641
643
643
643
643
643
643
643
643
643
643
617
617
617
617
617
617
618
618
618
618
618
623
623
623
623
623
623
623
623
623
623
623
623
623
623
623
623
623
623
623
623
623
629
629
629
629
629
629
623
623
623
623
623
623
623
623
623
623
623
623
623
623
623
623
623
623
624
624
624
624
624
624
624
624
624
624
624
624
624
624
624
624
624
624
624
624
624
624
624
624
624
624
624
624
624
624
624
624
624
624
624
624
624
624
624
624
624
624
624
624
624
624
624
624
624
624
624
624
624
624
624
624
624
624
624
624
624
624
624
624
624
624
624
624
624
624
624
624
624
623
623
623
623
623
623
623
623
623
623
623
623
623
623
623
624
624
624
624
624
624
624
624
624
624
624
624
624
624
624
624
624
624
624
624
624
624
624
624
624
624
624
624
624
624
624
624
624
624
624
624
624
624
624
624
624
624
624
624
624
624
624
624
624
620
620
620
620
620
620
620
620
620
620
620
620
620
620
620
620
620
620
620
620
620
620
620
620
620
620
620
592
592
592
592
592
592
592
592
592
592
592
592
592
596
596
596
596
596
596
596
596
596
596
596
597
597
597
597
597
597
597
597
597
597
589
589
589
589
589
589
589
589
589
589
589
589
589
589
589
589
589
589
589
589
589
589
589
589
589
589
589
589
589
589
589
589
589
589
589
589
589
589
589
589
589
589
589
589
589
589
590
590
590
590
590
590
590
590
590
590
590
590
590
590
590
590
590
590
590
590
590
590
590
590
590
590
590
589
589
589
589
589
589
589
589
589
589
589
589
589
589
589
589
587
587
587
587
587
587
587
587
587
587
587
586
586
586
586
586
586
586
586
585
585
585
585
585
595
595
595
595
595
595
595
595
595
595
595
595
595
595
595
595
595
595
595
595
595
595
595
595
596
596
595
595
595
595
595
595
595
595
595
595
595
595
595
595
595
595
595
595
595
595
595
595
591
591
591
591
591
591
591
591
591
591
591
591
591
591
591
591
591
591
591
591
591
591
591
591
591
591
591
591
579
579
579
579
579
579
579
579
579
579
579
579
579
578
578
578
578
578
578
578
578
578
578
578
578
578
578
578
578
578
578
578
578
578
578
578
578
578
578
578
578
578
578
578
578
578
578
578
578
578
578
578
578
578
578
578
578
578
578
578
578
578
578
578
578
578
578
578
578
578
578
578
578
578
578
578
578
578
578
578
578
578
578
578
578
578
578
578
578
577
577
577
577
577
577
574
574
574
574
574
574
575
575
575
575
575
575
575
575
575
575
575
575
575
575
575
575
575
575
575
575
575
575
575
575
575
575
575
575
575
575
575
575
575
575
575
575
575
575
575
575
575
575
575
575
575
575
575
575
575
575
575
575
575
575
575
575
575
575
575
575
575
575
575
575
575
575
575
575
575
575
575
574
574
574
574
574
574
574
574
574
574
574
574
574
574
574
574
574
574
574
574
577
577
577
577
577
577
577
577
577
577
577
577
577
577
577
577
587
587
592
592
592
592
592
592
592
592
592
592
592
592
592
595
599
599
599
599
599
599
599
599
599
599
599
599
599
599
599
599
599
599
599
599
599
599
599
599
599
599
599
599
599
599
599
599
599
599
599
599
599
599
599
599
599
599
599
599
599
599
599
599
599
599
599
599
599
599
599
599
599
599
599
599
599
599
599
600
600
600
600
600
600
600
600
600
600
600
600
600
600
600
600
600
600
600
600
600
600
600
600
600
600
600
600
600
600
600
600
600
600
600
600
600
600
600
600
600
600
600
600
600
600
600
600
600
600
600
600
600
600
600
600
600
600
600
600
600
600
600
600
600
600
600
600
600
600
600
600
600
600
600
600
600
600
600
600
600
600
600
600
600
600
600
600
600
600
600
600
600
600
600
600
600
600
600
600
600
600
600
600
600
600
600
600
600
600
600
600
600
600
600
600
600
600
600
600
600
600
600
600
600
600
600
600
600
600
600
600
600
600
600
600
600
600
600
600
600
600
600
600
600
600
600
600
600
600
600
600
600
600
600
600
600
600
600
600
599
599
599
599
599
599
599
599
593
593
593
593
593
593
593
593
593
593
593
593
593
593
593
593
593
593
593
593
593
593
593
593
593
593
593
593
593
593
593
593
593
593
593
593
593
593
593
593
593
593
593
593
593
593
593
593
593
593
593
593
593
593
593
593
593
593
593
593
593
593
593
593
593
593
593
593
593
593
593
593
593
593
593
593
593
593
593
593
593
593
593
593
593
593
593
593
593
593
594
594
594
594
594
594
594
594
594
594
594
594
594
594
594
594
594
606
606
606
606
606
606
606
606
606
606
606
606
606
606
609
609
609
609
609
609
609
607
607
607
607
607
607
607
607
607
607
603
603
603
603
603
662
662
662
662
662
662
662
662
662
662
662
662
662
662
662
662
662
662
662
662
662
662
662
662
662
662
662
662
662
662
662
662
662
662
662
662
662
662
662
662
662
662
662
662
662
662
662
662
662
662
662
660
660
660
660
662
662
662
662
662
662
662
662
662
662
662
662
662
662
662
662
662
662
662
662
662
662
662
662
662
662
662
662
662
662
662
662
662
662
662
662
662
662
646
646
646
646
646
646
644
644
644
639
639
639
639
639
639
639
639
639
638
638
638
633
633
633
633
633
633
633
633
633
633
633
633
622
622
622
622
622
622
622
622
622
622
622
622
621
621
621
621
621
621
621
621
621
621
621
621
621
621
621
621
621
621
621
621
621
621
621
621
621
621
621
621
621
621
621
621
621
621
621
621
621
621
621
621
621
621
621
621
618
619
619
621
621
621
621
621
621
621
621
621
621
621
621
621
621
621
621
621
621
621
621
621
621
621
621
621
621
621
621
621
621
621
621
621
621
621
621
621
621
621
621
621
621
621
621
621
621
621
621
621
621
621
621
621
621
621
621
621
621
621
621
621
621
621
621
621
621
621
621
621
621
621
621
621
621
621
621
621
621
617
617
617
617
617
617
617
617
617
617
617
617
617
617
617
617
617
617
617
617
617
617
617
617
617
617
617
617
617
612
612
612
612
612
612
612
616
616
616
616
616
616
616
616
616
616
616
616
616
616
616
613
613
613
613
613
613
613
613
613
613
613
613
613
613
613
613
613
613
613
613
613
613
613
613
613
613
613
613
613
613
613
613
613
613
613
613
613
613
613
613
613
613
613
613
613
613
613
613
613
613
613
613
613
613
613
613
613
613
613
613
613
613
613
613
613
613
601
601
601
601
601
601
601
601
601
601
601
601
601
601
601
601
601
602
602
602
602
602
602
602
602
602
602
602
602
602
602
602
602
602
602
602
606
606
606
606
606
606
606
606
606
606
606
606
606
606
606
606
606
606
606
606
606
606
606
606
606
606
606
606
606
606
606
606
606
606
606
606
606
606
606
606
606
606
606
606
606
606
606
606
606
606
606
606
608
608
608
608
608
608
608
608
608
608
608
608
608
608
608
608
608
608
608
642
642
642
642
642
642
642
642
642
642
642
642
642
642
642
642
642
642
642
642
642
642
642
642
642
642
642
642
642
642
642
642
642
642
642
642
642
642
642
642
637
637
637
637
637
637
637
637
637
637
637
637
637
637
638
638
638
638
638
638
638
637
637
637
637
637
637
637
637
637
637
637
637
637
637
637
637
637
637
637
637
637
637
637
637
637
637
637
637
637
637
637
637
637
637
637
637
637
637
637
637
637
637
637
637
637
643
643
643
643
643
643
643
643
643
643
643
643
643
643
643
643
643
643
643
643
643
643
643
643
643
643
643
643
643
643
643
642
642
642
642
642
642
642
642
642
642
642
642
642
642
642
642
642
642
642
642
642
642
642
642
642
642
642
642
642
642
642
642
642
642
642
642
642
642
642
642
642
642
642
642
642
663
663
663
663
663
663
663
663
663
663
663
663
663
663
663
663
663
663
663
663
663
663
663
663
663
663
663
662
662
662
662
662
662
662
662
662
662
662
666
666
666
666
666
666
666
666
666
666
666
666
666
666
666
666
658
658
658
658
658
658
658
658
658
658
658
658
658
658
658
658
658
658
658
658
658
658
658
658
658
658
658
658
658
658
658
658
658
658
658
658
658
658
658
658
658
658
658
658
658
658
658
658
658
661
661
661
661
661
661
661
670
670
670
670
670
670
670
670
670
670
670
670
670
670
670
670
670
671
671
671
671
671
671
671
671
671
671
671
671
671
671
671
671
671
671
671
671
671
671
671
671
671
671
671
671
671
671
671
671
671
671
671
671
671
671
671
671
671
671
671
671
671
671
671
671
671
671
671
671
671
667
667
667
667
667
667
667
667
667
667
667
667
668
668
668
668
668
668
668
668
669
665
665
665
665
665
665
665
665
665
665
665
665
665
665
665
665
665
665
665
665
665
665
665
665
665
665
665
665
665
665
665
665
665
665
665
665
665
665
665
665
665
665
665
665
665
665
665
665
665
665
665
665
665
665
665
665
665
665
665
665
665
665
665
665
665
665
665
665
665
665
665
665
665
665
665
665
665
665
665
665
665
665
665
665
665
665
665
665
665
665
665
665
665
665
665
665
662
662
662
662
662
662
662
662
662
661
661
661
661
661
661
661
661
661
661
661
661
661
661
661
660
660
660
660
660
660
656
656
656
656
656
656
656
656
656
656
656
656
656
656
659
659
659
659
659
659
659
659
659
659
659
659
659
659
659
659
659
659
664
667
667
667
667
667
667
667
667
688
688
688
692
692
692
692
692
692
692
692
692
692
692
692
692
692
692
692
692
692
692
692
692
692
692
692
692
692
692
692
692
692
692
692
692
692
692
692
692
692
692
692
720
720
720
720
720
720
720
720
720
720
720
720
720
720
720
720
720
720
720
720
719
719
719
719
719
719
724
724
724
724
724
724
724
724
724
724
724
724
719
719
719
719
713
713
713
713
713
713
713
713
713
713
713
713
713
713
713
713
713
713
713
713
724
724
724
724
724
724
724
724
724
724
724
724
724
724
724
724
724
724
724
724
724
724
724
724
724
724
724
724
724
724
728
728
728
728
728
728
735
735
735
735
735
735
735
735
735
735
735
735
735
735
735
735
735
735
735
735
735
735
735
735
735
735
735
735
735
735
735
735
735
735
735
735
735
735
735
735
735
735
735
735
735
735
735
735
735
735
735
735
735
735
735
735
735
735
735
735
735
735
735
735
735
735
735
735
735
735
735
735
735
735
735
735
735
735
734
734
734
734
734
734
734
734
734
734
734
734
734
734
734
734
734
734
734
734
734
734
734
734
734
734
734
734
734
734
734
734
734
734
734
734
734
734
734
734
734
734
734
734
734
734
734
741
741
741
741
741
741
741
741
741
741
741
741
741
741
741
741
741
741
741
741
741
741
741
741
741
741
741
741
741
741
741
741
741
741
741
741
741
741
741
741
741
741
741
741
741
741
741
741
741
741
741
741
741
741
741
741
741
741
742
742
742
742
742
742
742
742
742
742
742
742
742
742
742
742
742
742
742
742
742
742
742
742
742
742
742
742
742
742
742
742
742
742
742
743
743
743
744
744
744
744
744
744
744
744
744
744
744
744
744
744
744
744
740
740
740
740
740
740
740
740
740
740
740
740
740
740
740
740
740
740
740
740
740
740
740
740
740
740
740
740
740
740
740
740
740
740
740
740
740
740
740
740
740
740
740
740
740
740
740
740
740
740
740
740
740
740
740
740
740
740
740
740
740
740
740
740
740
740
740
740
740
740
740
740
740
740
740
740
740
740
740
740
739
739
739
739
739
739
739
739
739
739
739
739
739
739
741
741
741
741
741
741
741
741
741
741
741
741
741
741
741
741
741
741
741
741
741
741
741
741
741
741
741
741
741
741
741
741
741
741
741
741
741
741
741
741
741
741
741
741
741
741
741
741
741
741
741
741
741
741
741
741
741
741
741
741
741
741
741
741
741
741
741
741
741
741
741
741
741
741
741
741
741
741
741
741
741
741
741
741
741
741
741
741
741
741
741
741
741
741
741
741
741
741
741
741
741
741
741
741
741
741
740
740
740
740
740
740
740
740
740
740
740
741
741
741
741
741
741
741
741
741
741
741
741
741
741
741
741
741
741
741
741
741
741
741
741
741
741
741
741
741
741
741
741
741
741
741
741
741
741
741
741
741
741
741
741
741
744
744
750
750
750
750
750
750
750
750
750
750
750
750
750
750
750
750
750
750
750
750
750
750
750
750
750
750
750
750
750
750
750
750
750
750
750
750
750
750
750
752
752
751
751
751
751
751
751
751
751
751
751
751
751
751
751
757
757
757
757
757
758
758
735
735
735
735
735
735
736
736
736
736
736
736
734
734
734
734
734
734
733
733
733
733
733
733
733
733
733
733
733
733
733
733
733
733
733
733
733
752
752
752
752
752
752
752
752
752
752
752
752
752
752
752
752
752
752
752
752
752
752
752
752
752
752
750
750
750
750
750
750
750
750
750
750
750
750
750
750
750
750
750
750
750
751
751
751
751
751
751
751
751
751
751
751
751
751
751
751
751
751
751
751
751
755
755
755
755
765
765
765
765
765
769
769
770
770
770
770
770
770
770
769
769
769
769
769
769
769
769
769
769
768
768
768
768
768
768
768
768
768
768
768
768
766
766
766
766
766
766
766
766
766
766
766
766
766
766
766
766
766
766
766
766
766
766
766
767
767
767
767
767
767
767
766
766
766
766
766
766
766
766
766
766
766
766
766
766
766
766
766
766
766
766
766
766
766
766
766
766
766
766
766
766
766
766
766
766
766
766
766
766
766
766
766
766
766
768
768
768
768
768
768
768
768
768
768
768
768
768
768
768
768
764
764
764
764
764
764
764
764
764
764
764
764
764
764
764
764
764
764
764
764
764
764
764
764
764
764
764
764
764
764
764
764
764
764
764
764
764
764
764
764
764
764
764
764
764
764
764
764
764
764
764
751
751
751
751
751
751
751
751
751
751
751
746
746
746
749
749
749
749
749
739
739
739
739
739
739
739
739
739
739
739
739
739
739
739
739
739
739
739
739
739
739
739
739
739
739
739
739
739
739
739
739
739
739
739
739
739
739
739
739
739
739
709
709
709
709
709
709
709
709
709
709
709
709
709
709
709
709
709
709
709
709
709
709
709
709
709
709
709
709
709
709
709
709
709
709
709
709
709
709
709
709
709
705
705
705
705
705
705
705
705
705
705
705
705
734
737
737
737
727
719
719
719
712
712
712
712
712
712
712
712
712
712
712
712
712
712
712
712
712
712
712
712
712
712
712
712
712
712
712
712
712
712
712
712
712
712
712
712
712
712
712
712
712
712
712
712
712
712
712
712
712
712
712
712
712
712
712
712
712
712
712
712
712
712
712
712
712
712
712
712
712
712
712
712
712
712
713
713
713
713
713
713
713
713
713
713
713
713
713
713
713
713
713
713
713
713
713
704
704
704
704
704
704
704
704
704
704
704
704
704
704
704
704
704
704
704
704
704
704
704
704
704
704
704
704
704
704
704
704
704
704
702
702
702
702
702
702
702
702
702
702
702
702
702
702
702
702
702
702
702
702
702
702
702
702
702
702
702
702
702
702
702
702
702
702
702
702
702
702
702
702
702
702
702
702
702
702
702
702
702
702
702
702
702
702
702
702
702
702
702
702
702
702
702
702
702
702
702
702
702
702
702
702
702
702
702
702
702
702
702
702
702
702
702
702
702
702
702
702
702
702
702
702
702
702
702
702
702
702
702
702
702
702
702
702
702
702
702
702
702
702
702
702
702
702
702
702
702
702
702
702
702
702
702
702
702
702
702
702
702
702
702
702
702
702
702
702
702
702
702
702
702
702
702
702
702
702
702
702
702
702
702
702
702
702
702
702
702
702
702
702
702
702
702
702
702
702
702
702
702
702
702
702
702
702
702
702
702
702
702
702
702
702
702
702
702
702
702
702
702
702
702
702
702
702
702
702
702
702
702
702
702
702
702
702
702
702
702
702
702
702
703
703
703
703
703
703
703
703
703
703
703
703
703
703
703
703
703
703
703
703
703
703
703
703
703
703
703
703
703
703
703
703
703
703
703
703
703
703
703
703
703
703
703
703
703
703
703
703
703
703
703
703
703
703
703
703
703
703
703
703
703
703
703
703
703
703
703
703
703
703
703
703
703
703
703
703
703
703
703
703
703
703
703
703
703
703
703
703
703
703
703
703
703
703
703
703
703
703
703
703
703
703
703
703
703
703
703
703
703
703
703
703
703
703
703
703
703
703
703
703
703
703
703
703
703
703
703
703
703
703
703
703
703
703
703
703
703
703
703
703
706
706
706
706
706
706
706
709
709
709
709
709
709
709
709
709
709
709
709
709
709
709
709
709
709
709
709
709
709
709
709
709
709
709
709
709
709
709
709
709
709
709
709
709
709
709
709
709
698
698
698
698
698
698
698
698
698
698
703
703
703
703
703
703
703
703
703
703
697
697
697
697
697
697
697
697
697
697
697
697
697
697
697
697
697
697
697
697
697
697
697
697
697
697
697
697
697
697
697
697
697
697
697
697
697
697
697
697
697
697
697
697
697
697
697
697
697
697
697
697
697
697
697
696
696
696
696
696
696
696
680
680
680
680
680
680
680
680
680
680
680
680
680
680
680
678
678
678
678
678
678
677
677
677
677
677
677
677
677
677
677
677
677
677
677
677
677
677
677
677
677
677
677
677
677
677
677
677
677
677
670
670
670
670
670
670
670
670
670
670
670
670
670
670
670
670
670
670
670
670
670
670
670
670
670
670
670
670
670
670
670
670
670
670
670
669
669
669
669
669
669
669
669
669
669
669
669
669
669
669
669
669
669
669
669
669
669
669
669
669
669
669
669
669
669
669
669
669
669
669
669
669
669
669
669
669
669
669
669
669
669
669
669
669
669
669
669
669
669
669
669
669
669
662
662
662
662
662
662
662
662
662
662
662
659
659
659
659
659
659
659
659
659
659
659
659
659
659
659
659
659
659
659
659
659
658
658
658
658
658
658
658
662
662
662
662
662
662
662
662
662
662
662
662
662
662
662
662
662
662
662
662
662
662
662
662
662
662
662
662
662
662
662
662
662
662
662
662
662
662
655
655
655
655
655
655
655
655
655
655
655
655
655
655
655
655
655
655
655
655
655
655
655
655
655
655
655
655
655
655
655
655
655
655
655
655
655
655
655
655
655
655
655
655
655
655
655
655
655
654
654
654
654
654
654
654
654
654
654
654
654
654
654
654
654
654
639
639
639
639
639
639
639
639
639
639
639
639
639
639
639
639
639
639
639
639
639
639
639
639
639
639
639
639
639
639
639
639
639
639
639
639
639
639
639
639
639
639
639
639
639
632
632
632
632
632
632
632
632
632
632
632
632
632
632
632
632
632
632
632
632
632
632
632
632
632
632
632
632
633
633
633
633
633
633
633
633
633
633
633
633
633
633
633
633
633
633
633
633
633
633
633
633
633
633
633
633
633
633
633
633
633
628
628
628
628
628
628
628
628
628
628
628
628
628
628
629
629
629
629
629
629
629
629
629
629
629
629
629
629
629
629
629
629
633
633
633
633
633
633
633
633
633
633
633
633
633
633
633
624
624
624
624
624
624
624
624
624
624
624
624
624
624
624
624
624
624
624
624
624
624
624
624
624
624
624
624
624
624
624
624
624
624
624
624
624
624
624
624
624
624
624
624
624
624
624
624
624
624
624
624
624
624
624
624
624
624
623
623
623
623
623
623
623
623
623
623
623
623
623
623
623
623
623
623
623
623
623
623
623
623
623
565
565
565
565
563
563
563
563
563
563
563
563
563
563
563
563
563
563
563
563
563
563
563
563
563
563
563
563
563
563
563
563
563
563
563
563
563
563
563
563
563
563
563
563
563
563
563
563
563
563
563
563
563
563
563
563
563
563
563
563
563
560
560
560
560
560
560
560
560
560
560
560
560
560
560
560
560
560
560
560
560
560
560
560
560
560
560
560
560
560
560
560
560
561
561
561
561
561
561
561
561
561
561
561
561
561
561
561
561
561
561
561
561
561
561
561
561
561
561
561
561
561
561
561
557
557
557
557
557
552
552
552
552
552
552
552
552
552
552
552
552
552
552
552
552
552
552
552
552
552
552
552
552
552
552
552
551
551
551
551
551
551
551
551
551
551
551
551
551
551
551
551
551
551
551
551
551
551
551
551
547
547
547
547
547
547
547
547
547
547
547
547
547
547
547
547
547
547
547
547
547
547
547
547
547
547
547
547
547
547
547
547
547
547
547
547
547
547
547
547
547
547
547
547
547
547
547
547
547
547
547
547
547
547
547
547
547
547
547
547
547
547
547
547
547
547
547
547
547
547
547
547
547
547
547
547
547
547
547
547
547
538
538
538
538
538
538
538
538
538
538
538
538
538
538
538
538
538
538
538
538
538
538
538
538
538
538
538
538
538
539
539
539
539
539
539
539
539
539
539
539
539
539
539
539
551
551
551
551
551
551
551
551
550
550
550
550
550
550
550
550
550
550
550
550
550
550
550
550
550
550
550
550
550
550
550
550
550
550
550
550
550
550
550
550
550
550
550
550
550
550
550
550
550
550
550
550
550
550
550
550
550
550
550
550
550
550
550
550
550
550
550
550
550
550
550
550
550
550
550
550
550
550
550
550
550
550
550
550
550
550
550
550
550
550
550
550
550
550
550
550
550
550
550
550
550
550
550
550
550
550
550
550
550
550
550
550
550
550
550
550
547
547
547
547
547
547
547
547
554
554
554
554
554
554
554
554
554
554
554
554
554
554
554
554
554
554
554
554
554
554
554
554
554
554
554
554
554
554
554
554
554
554
554
554
554
554
554
554
554
554
554
554
554
554
554
554
554
554
554
554
554
554
554
554
554
554
554
554
554
554
554
554
554
554
554
554
554
554
554
554
554
554
554
554
554
554
554
554
554
554
554
554
554
554
554
554
554
554
554
554
554
554
554
554
554
554
554
554
554
554
554
554
554
554
554
554
554
554
554
554
554
554
554
554
554
554
554
554
554
554
554
554
554
554
554
554
554
554
554
554
554
554
554
554
554
554
554
554
554
554
554
554
554
554
554
554
554
554
554
554
554
554
554
554
554
554
554
554
554
554
554
554
554
554
554
554
554
554
554
554
554
554
554
554
554
554
554
554
554
554
554
554
554
554
554
554
554
554
554
554
554
554
554
554
554
554
553
553
553
548
548
548
548
548
548
548
548
548
550
550
550
550
550
550
550
550
550
550
550
550
550
550
550
550
550
550
550
550
550
550
550
550
550
550
550
550
529
529
529
529
529
529
529
529
529
529
529
529
529
529
529
529
529
529
529
529
531
531
531
531
531
531
531
531
531
531
531
531
531
531
531
531
531
531
531
531
531
531
531
531
531
531
531
531
531
531
531
531
531
531
531
531
531
531
531
531
531
531
531
531
531
531
531
531
531
531
531
531
531
531
531
531
531
531
531
531
531
531
531
531
531
531
531
531
531
531
531
531
531
531
531
531
531
531
531
531
531
531
531
531
531
531
531
531
531
531
531
531
531
531
531
531
531
531
531
531
531
531
531
531
531
532
532
532
532
532
532
532
532
532
532
532
532
532
514
514
514
514
514
514
514
514
514
514
514
514
514
514
514
514
514
514
514
514
514
514
514
514
514
514
514
514
514
514
514
514
514
514
514
514
514
514
514
514
514
514
514
514
514
514
514
514
514
514
514
514
514
514
514
514
514
514
514
514
514
514
514
514
514
514
514
514
514
514
514
514
514
514
514
514
514
514
514
514
514
514
514
514
514
514
514
513
512
512
512
512
512
512
512
512
512
512
512
512
512
512
512
512
512
512
512
512
512
512
512
512
512
512
512
512
512
512
512
512
512
512
512
512
512
512
512
512
512
512
512
512
512
512
512
512
512
512
512
512
512
512
512
512
512
512
512
512
512
512
512
512
512
512
512
512
512
512
512
512
512
512
512
512
512
512
512
512
512
512
512
512
512
512
512
512
512
512
512
512
512
512
512
512
512
512
512
512
512
512
512
512
512
512
512
512
512
512
512
512
512
512
512
512
512
512
512
512
512
512
512
512
512
512
512
512
512
512
512
512
512
512
512
512
512
512
512
512
512
512
512
512
512
512
512
512
512
512
512
512
512
512
512
512
512
512
512
512
512
512
512
512
512
512
512
512
512
512
512
512
512
519
519
519
519
519
519
519
519
519
519
519
519
519
519
519
519
519
519
519
519
519
519
519
519
519
519
519
519
519
519
519
519
519
519
519
519
519
519
519
519
519
519
519
519
519
519
519
519
519
519
519
519
519
519
519
519
519
519
519
519
519
519
519
519
519
519
519
519
519
519
519
519
519
519
519
519
519
519
519
519
519
519
519
519
519
519
519
519
519
519
519
519
519
519
519
519
519
483
483
483
483
483
483
483
483
483
483
483
483
483
483
483
483
483
483
483
483
483
483
483
483
483
483
483
483
483
483
483
483
483
483
483
483
483
483
483
483
483
483
483
483
483
483
483
483
483
483
483
483
483
483
483
483
483
483
483
483
483
483
483
483
483
483
483
483
483
483
483
483
483
483
483
483
483
483
483
483
483
483
483
483
483
483
483
483
483
483
483
483
483
483
483
483
483
483
483
482
482
482
482
482
482
482
482
482
482
482
482
482
482
482
482
482
482
482
482
482
482
482
482
482
482
482
482
482
482
482
482
482
482
482
482
482
482
482
482
481
481
481
481
481
481
481
481
481
481
481
481
481
481
481
481
481
481
481
481
481
481
481
481
481
481
481
481
481
481
481
481
481
481
481
481
481
481
481
481
481
481
481
481
481
481
481
481
481
481
481
481
481
481
481
481
481
481
481
481
481
481
481
481
481
481
481
481
481
481
481
481
481
481
481
481
481
481
481
481
481
481
481
481
481
481
481
481
481
481
481
481
481
481
481
481
481
481
481
481
481
481
481
481
481
481
481
481
481
481
481
481
481
481
481
481
481
481
481
481
481
481
481
481
481
481
481
481
481
481
481
481
481
481
481
481
481
481
481
481
481
481
481
481
481
481
481
481
481
481
481
481
481
481
481
481
481
481
481
481
481
480
480
480
480
480
480
480
480
480
480
480
480
480
480
480
480
480
480
480
480
480
480
480
480
477
477
477
477
477
477
477
477
477
477
477
477
477
477
477
477
477
477
477
477
477
477
477
477
477
477
477
477
477
477
477
477
477
477
477
477
477
477
477
477
477
477
477
477
477
477
477
477
477
477
477
477
477
477
481
481
481
481
481
481
481
481
481
481
481
481
481
481
481
481
481
481
481
481
481
481
481
481
481
481
481
481
481
481
481
481
481
481
481
481
481
481
481
481
481
481
481
481
481
481
481
481
481
481
481
481
481
481
481
481
481
481
481
481
481
481
481
481
481
481
481
481
482
482
482
482
482
482
482
482
482
482
482
482
482
482
482
482
482
482
482
482
482
482
482
482
482
482
482
482
482
482
482
482
482
482
482
482
482
482
482
482
483
483
483
483
483
483
483
483
480
480
480
480
480
479
479
479
479
479
479
479
479
479
479
479
479
479
479
479
479
473
473
473
473
473
473
473
473
473
473
473
473
473
473
473
473
473
473
473
473
473
473
473
473
473
473
473
473
473
473
473
473
473
473
473
473
473
473
473
473
473
473
473
473
473
473
473
473
473
473
473
473
473
473
473
473
473
473
473
473
473
473
473
473
473
473
473
473
473
473
473
466
466
466
466
466
466
466
466
466
466
466
466
466
466
466
466
466
462
462
462
462
462
462
462
462
462
462
462
462
462
462
462
462
462
462
462
462
462
462
462
462
462
462
462
462
462
462
462
462
462
462
462
462
462
462
462
462
462
462
462
462
462
462
462
462
462
462
462
462
462
462
462
462
462
462
462
462
462
462
462
462
462
462
462
462
462
462
462
462
462
462
462
462
451
451
451
451
451
451
451
451
451
451
451
451
451
451
451
451
451
451
451
451
451
451
451
451
451
451
451
451
451
454
454
426
426
426
426
426
426
426
426
426
426
426
426
407
407
407
407
406
406
406
406
406
406
406
406
406
406
406
406
406
406
406
406
406
406
406
406
406
406
406
405
405
405
405
405
405
405
405
405
405
405
405
405
405
405
405
405
405
405
405
405
405
405
405
405
405
405
405
405
405
405
405
405
405
405
405
405
405
405
405
405
405
405
405
405
405
405
405
405
405
405
405
405
405
405
405
405
405
405
405
405
405
405
405
405
405
405
405
405
405
405
405
405
405
405
405
405
405
405
405
405
405
405
405
405
405
404
404
404
404
404
404
404
404
404
404
404
404
404
404
404
404
404
404
404
404
404
404
404
404
404
404
404
404
404
404
404
404
404
404
404
404
404
404
404
405
405
405
405
405
405
405
405
405
405
405
405
405
405
405
405
405
404
404
404
404
404
404
404
404
404
404
404
404
404
404
404
404
404
404
404
404
404
404
404
404
404
404
404
404
404
404
404
404
404
404
404
404
404
404
404
404
404
404
404
404
404
404
404
404
404
404
404
404
404
404
404
404
404
404
404
404
404
404
404
404
404
404
404
404
404
404
404
404
404
404
404
404
404
404
404
404
404
404
404
404
404
404
404
404
404
404
404
404
404
404
404
404
404
404
404
404
404
404
404
404
404
404
404
404
404
404
404
405
405
405
405
405
405
405
405
405
405
405
405
405
405
343
343
343
343
343
343
343
343
343
343
343
343
343
343
343
343
343
343
343
343
343
343
343
343
343
343
343
343
343
342
342
342
342
343
343
343
343
343
295
295
295
295
295
295
295
295
295
295
295
295
295
295
295
295
295
295
295
295
295
295
295
295
295
295
295
295
295
295
295
295
295
295
295
295
295
295
294
294
294
294
294
294
294
294
294
294
294
294
294
294
294
294
297
297
297
297
297
297
297
297
297
297
297
297
297
297
297
297
297
297
297
297
297
297
297
297
297
297
297
297
297
297
297
297
297
297
297
296
296
296
296
296
296
296
296
296
296
296
296
286
286
286
286
286
286
286
286
286
286
286
286
286
286
286
286
286
286
286
286
286
286
286
286
286
286
286
286
286
272
272
272
272
272
272
272
272
272
272
272
272
272
272
272
272
272
278
278
278
278
278
278
278
278
278
279
279
279
279
279
279
279
279
279
279
279
279
279
279
279
279
279
279
279
279
279
279
279
279
279
279
279
279
279
279
279
279
279
279
279
279
279
279
279
279
279
279
279
279
279
279
279
279
279
279
279
279
279
279
279
279
279
279
279
279
279
279
279
279
279
279
279
279
279
279
279
279
279
279
279
279
279
279
279
279
279
279
279
279
279
279
279
279
279
279
279
279
279
279
279
279
279
279
279
279
279
279
279
279
279
279
279
279
279
279
279
279
279
279
279
279
279
279
279
279
279
279
279
279
279
279
279
279
279
279
279
279
279
265
265
265
265
265
265
265
265
265
265
265
265
265
265
265
265
265
265
265
265
265
265
265
265
265
265
265
265
265
265
265
265
265
265
265
265
265
265
265
265
265
265
265
265
265
265
265
265
265
265
265
265
265
265
265
265
265
265
265
265
265
265
265
265
265
265
265
265
265
265
265
265
265
265
265
265
265
265
265
265
265
265
265
265
265
265
265
265
265
265
265
265
265
265
265
265
265
265
265
265
265
265
265
265
265
265
265
265
265
265
265
265
265
265
265
265
265
265
265
265
265
265
265
265
265
265
265
265
265
265
265
265
265
265
265
265
265
265
265
265
265
265
265
265
265
265
265
265
265
265
265
265
265
265
265
265
265
265
265
265
265
265
265
265
265
265
265
265
265
265
265
265
265
265
265
265
265
265
265
265
265
265
265
265
265
265
265
265
265
265
265
265
265
265
265
265
265
265
265
265
265
265
265
265
265
265
265
265
265
265
265
265
265
265
265
265
265
265
265
265
265
265
265
265
265
265
265
265
265
265
265
265
265
265
265
265
265
265
265
265
265
265
265
265
265
265
265
265
265
265
265
265
265
265
265
265
265
265
265
265
265
265
265
265
265
265
265
265
265
265
265
265
265
265
265
265
265
265
265
265
265
265
265
265
265
265
265
265
265
265
265
265
265
265
265
265
265
265
265
265
265
265
265
265
265
265
265
265
265
267
267
267
267
267
267
267
267
267
267
267
267
267
267
267
267
267
267
267
267
267
267
267
266
266
266
266
266
266
266
266
266
266
266
266
266
266
266
266
266
266
266
266
266
266
266
266
266
266
266
266
266
266
266
266
266
266
266
266
266
266
266
266
266
266
266
266
266
266
266
266
266
266
266
266
266
266
266
266
266
266
266
266
266
266
266
266
266
266
266
266
266
266
266
266
266
266
266
266
266
266
266
266
266
266
266
266
266
266
266
266
266
266
266
266
266
266
266
266
266
264
266
266
266
266
266
266
266
266
266
266
266
266
266
266
266
260
260
260
260
260
260
260
260
260
260
260
260
260
260
260
260
260
260
260
260
260
260
260
260
260
260
260
260
260
260
254
256
256
256
256
256
256
256
256
256
256
256
256
256
256
256
256
256
256
256
256
256
256
256
256
255
255
255
255
257
257
257
257
257
257
257
257
257
257
257
257
257
257
257
257
257
257
257
257
257
257
257
257
257
257
257
257
257
257
257
257
257
257
257
257
257
257
257
257
257
257
257
257
257
259
259
259
259
259
259
259
259
259
259
259
259
259
259
259
259
259
259
259
259
259
259
259
259
254
254
254
254
254
254
254
254
254
254
254
254
254
254
254
254
254
254
254
254
254
254
254
254
254
254
254
254
254
254
254
254
254
254
254
254
254
254
254
254
254
254
254
254
254
254
254
254
254
254
254
254
254
254
254
257
257
257
257
257
257
253
253
253
253
253
253
253
253
253
253
253
253
253
253
253
257
258
258
255
255
255
255
255
255
255
255
255
255
255
255
255
255
255
255
255
255
255
255
255
255
255
254
280
280
280
280
280
280
280
280
280
280
280
280
280
280
280
280
280
280
280
280
280
280
280
280
281
281
281
281
281
281
281
281
281
281
281
281
270
270
270
270
270
270
270
270
270
270
270
270
270
270
270
270
270
270
270
270
270
270
270
270
270
270
270
270
270
270
270
270
270
270
270
270
270
270
270
270
270
270
270
270
270
270
270
270
270
270
270
270
270
270
270
270
270
274
274
274
274
274
274
274
274
274
274
274
274
274
274
274
274
274
266
266
266
266
266
266
266
266
266
266
266
266
266
266
266
266
266
266
266
266
266
266
266
266
266
266
266
266
266
266
266
266
266
266
266
266
266
266
266
266
266
266
266
266
266
266
266
266
266
266
266
266
266
266
266
266
266
266
266
266
266
266
266
266
266
266
266
266
266
266
266
266
266
266
266
266
266
266
266
266
266
266
266
266
266
266
266
266
266
266
266
266
266
266
266
266
269
269
269
269
269
269
269
269
269
269
269
269
269
269
269
269
269
269
269
269
269
272
272
272
272
272
272
272
272
272
272
272
272
272
272
272
272
272
272
272
272
272
272
272
272
272
272
272
272
272
272
272
272
272
272
272
272
272
272
272
272
272
272
272
272
272
272
272
272
272
272
272
272
272
272
272
272
272
272
272
272
272
272
272
272
272
272
272
272
272
271
271
271
271
271
271
271
271
271
271
271
271
252
252
252
252
252
252
252
257
257
257
257
257
257
257
257
257
257
257
257
257
257
257
257
257
257
257
257
257
257
257
257
257
257
257
257
257
257
257
257
257
257
257
257
257
257
257
257
257
257
257
257
257
257
257
257
257
257
257
258
258
258
258
258
258
258
258
258
258
258
258
258
258
258
258
258
258
267
267
267
267
267
267
267
267
267
266
266
265
265
265
265
265
265
265
265
265
265
265
265
265
265
265
265
265
265
265
265
265
265
265
265
265
265
265
265
265
265
265
265
265
265
265
265
265
265
265
265
265
265
265
265
265
265
222
222
222
222
222
222
222
222
222
222
222
222
222
222
222
222
222
222
222
222
222
222
222
222
222
222
222
222
222
222
222
222
222
222
221
221
221
221
217
217
217
217
217
217
217
217
217
217
217
215
215
215
215
215
215
212
212
212
212
212
220
220
220
220
220
220
220
222
222
222
222
222
222
222
222
222
222
222
222
218
218
218
218
219
219
211
211
211
211
227
227
227
227
227
227
227
227
227
227
227
227
227
227
227
227
227
227
227
227
227
227
227
227
226
226
226
226
226
226
226
226
223
223
223
223
223
223
223
223
223
223
223
223
223
223
223
223
223
223
223
223
223
223
220
220
220
220
220
220
220
220
220
220
224
224
224
224
224
224
224
224
223
223
223
223
223
223
223
223
223
223
223
223
223
223
223
223
223
223
226
226
226
226
226
226
226
226
226
226
226
226
226
226
226
226
226
198
198
198
198
198
198
198
198
198
198
198
198
198
198
198
198
198
198
198
198
198
198
198
198
196
196
196
196
196
196
196
196
196
196
196
196
196
196
196
196
196
196
196
196
196
196
196
196
196
196
196
196
196
193
198
191
191
191
191
191
191
191
191
191
191
191
191
191
191
191
191
191
191
191
191
191
191
191
191
191
191
191
191
191
191
191
191
191
191
191
191
191
191
191
191
191
191
191
191
191
191
191
191
191
191
191
191
191
191
191
191
191
191
191
191
191
191
191
191
191
191
191
191
191
191
191
191
191
191
191
191
191
191
192
192
192
192
192
192
192
192
192
192
192
187
187
187
187
187
187
187
187
187
187
187
187
187
187
187
186
186
186
186
186
192
192
192
192
192
192
192
192
192
192
192
192
192
192
192
192
192
192
192
192
192
192
192
192
192
192
193
193
195
195
195
195
195
195
195
195
189
189
189
189
189
189
189
189
189
189
189
189
189
189
189
183
183
183
183
183
183
183
183
183
183
183
183
183
183
183
183
183
183
183
183
179
179
179
179
177
177
177
177
171
171
171
171
171
171
171
171
171
171
171
171
171
171
171
171
171
171
171
171
171
171
171
171
171
171
171
171
171
171
171
171
171
171
171
171
171
171
204
203
203
203
203
203
204
204
204
204
204
204
204
204
204
204
204
204
204
204
204
204
204
204
204
204
204
204
204
204
204
204
202
202
202
202
202
202
202
202
202
202
202
202
202
202
202
202
202
202
202
202
202
202
205
205
205
205
205
205
205
205
205
205
205
205
205
205
205
205
205
205
205
205
205
205
205
205
205
205
205
206
206
206
206
206
206
206
206
206
206
206
206
206
206
206
206
206
206
206
206
206
206
206
206
206
206
206
206
206
206
206
206
206
206
206
206
206
206
206
206
206
206
206
206
206
206
206
203
203
211
211
212
212
212
212
212
212
216
216
216
216
216
216
216
216
216
216
216
216
216
216
216
216
216
216
216
216
216
216
216
216
217
217
217
217
217
217
217
217
217
217
217
217
217
217
217
217
217
217
217
217
217
217
217
217
217
217
217
217
217
217
217
213
213
213
213
213
213
213
213
213
213
213
213
213
213
213
213
213
213
213
213
213
213
213
213
213
213
213
213
213
213
213
213
213
213
213
213
213
213
213
212
212
212
212
212
212
212
212
212
212
212
212
212
212
212
212
212
212
212
212
212
212
212
212
212
212
212
212
212
212
212
212
212
212
212
212
212
212
212
212
212
212
212
212
212
212
212
212
212
212
212
212
212
212
209
209
209
209
209
209
209
209
209
209
209
209
209
209
209
209
209
209
209
209
209
209
209
209
209
209
209
209
209
209
209
209
209
209
209
209
209
209
209
209
209
209
209
209
209
209
209
209
209
209
209
209
209
209
209
209
209
209
209
209
209
209
209
209
209
209
209
209
209
209
209
209
209
209
209
209
209
209
209
209
209
209
209
209
209
209
209
209
209
209
209
209
209
209
209
209
209
209
209
209
209
209
209
209
209
209
209
209
209
209
209
209
209
209
209
209
209
209
209
209
209
209
209
209
209
209
209
209
209
209
209
209
209
209
209
209
209
209
209
209
209
209
209
209
209
209
209
209
209
209
209
209
209
209
209
209
209
209
209
209
204
204
204
204
204
204
204
204
204
204
204
204
204
204
204
204
204
204
204
204
204
204
204
205
205
205
194
194
194
194
194
194
194
194
194
194
194
194
194
194
194
194
194
194
194
194
194
194
194
194
194
194
194
194
194
194
194
194
194
194
194
194
194
194
194
194
194
194
194
194
194
194
194
194
194
194
194
194
194
194
194
194
194
194
194
194
194
194
194
194
194
194
194
194
194
194
194
194
194
194
194
194
194
194
194
194
194
194
194
194
194
194
194
194
194
194
194
194
194
194
194
194
194
194
194
194
194
193
193
193
193
193
193
193
193
193
193
193
193
193
193
193
193
193
193
193
193
193
193
193
198
198
198
198
198
198
198
198
198
198
198
198
198
198
198
198
198
198
198
198
198
198
198
198
198
198
198
198
198
198
198
198
198
198
198
198
198
198
198
198
198
198
198
198
198
198
198
198
198
198
198
198
198
196
196
196
196
196
196
196
196
196
196
196
196
196
196
196
196
196
196
196
196
196
196
196
196
196
196
196
196
196
196
196
196
196
196
196
196
196
196
196
196
196
196
196
196
196
196
196
196
196
196
196
196
196
196
196
196
196
196
196
196
196
196
196
196
196
196
196
196
196
196
196
196
196
196
196
196
196
196
196
196
196
196
196
196
196
196
196
196
196
196
196
196
196
196
196
196
196
196
196
196
196
196
196
196
196
196
196
196
199
199
199
199
199
199
199
199
199
199
199
199
199
199
199
199
199
199
199
199
199
199
199
199
199
199
199
199
199
199
199
199
199
199
199
199
199
199
199
199
199
199
199
199
199
199
199
199
199
199
199
199
199
199
199
199
199
199
199
199
199
199
199
199
199
199
199
199
199
199
199
199
199
199
199
199
199
199
199
199
199
199
199
199
199
199
199
199
199
199
199
199
199
199
199
199
199
199
199
199
199
199
199
199
199
199
199
199
199
199
199
199
199
199
199
199
199
199
199
199
199
199
199
199
199
199
199
199
199
199
199
199
199
199
199
199
199
199
199
199
199
199
199
199
199
199
199
199
199
199
199
199
199
199
199
199
199
199
199
199
199
199
199
199
199
199
199
199
199
199
199
199
199
199
199
199
199
199
199
199
199
199
199
199
199
199
199
199
199
199
199
199
199
199
199
199
199
199
199
199
199
199
199
199
199
199
199
199
199
199
199
199
199
199
199
199
199
199
199
199
199
199
192
192
192
192
192
192
192
192
192
192
192
192
192
192
192
192
192
192
192
192
192
192
192
192
192
192
192
192
192
192
192
192
192
192
192
192
192
192
192
192
192
192
192
192
192
192
192
192
192
192
192
192
192
192
192
192
192
192
192
192
192
192
192
192
192
198
198
198
198
198
198
198
198
198
198
198
197
197
197
197
197
197
197
197
197
197
197
197
197
197
197
197
197
197
197
197
197
197
197
208
208
208
208
208
208
208
208
208
208
208
208
208
208
208
208
208
208
208
208
228
228
228
228
228
228
228
228
228
228
228
228
228
228
228
228
228
228
228
228
228
228

